MusicVolume=0.596978,
EffectsVolume=0.646810,
CameraShake=0