MusicVolume=0.903999,
EffectsVolume=0.903999,
CameraShake=1