MusicVolume=0.163651,
EffectsVolume=0.174863,
CameraShake=1