MusicVolume=0.347436,
EffectsVolume=0.351986,
CameraShake=0