MusicVolume=0.123609,
EffectsVolume=0.128414,
CameraShake=1