MusicVolume=0.605584,
EffectsVolume=0.438394,
CameraShake=1