MusicVolume=0.502348,
EffectsVolume=0.504627,
CameraShake=0