MusicVolume=0.537297,
EffectsVolume=0.544135,
CameraShake=0