MusicVolume=0.431350,
EffectsVolume=0.472684,
CameraShake=1