MusicVolume=0.535069,
EffectsVolume=0.215475,
CameraShake=0