MusicVolume=0.553014,
EffectsVolume=0.554793,
CameraShake=1