MusicVolume=0.000000,
EffectsVolume=0.000000,
CameraShake=1