MusicVolume=0.296998,
EffectsVolume=0.560066,
CameraShake=1