MusicVolume=0.223242,
EffectsVolume=0.303406,
CameraShake=0