MusicVolume=0.170058,
EffectsVolume=0.174863,
CameraShake=1