MusicVolume=0.764812,
EffectsVolume=0.529382,
CameraShake=0