MusicVolume=0.178067,
EffectsVolume=0.181270,
CameraShake=1