MusicVolume=0.801501,
EffectsVolume=0.798250,
CameraShake=1