MusicVolume=0.196669,
EffectsVolume=0.194740,
CameraShake=1